# Boundary vertex loop for the Mobius strip
# This is for debugging / visualization.
# The solver does not necessarily need this file.
0
13
26
39
52
65
78
91
104
117
130
143
156
169
182
195
208
221
234
247
260
273
286
299
312
325
338
351
364
377
390
403
416
429
442
455
468
481
494
507
520
533
546
559
572
585
598
611
624
637
650
663
676
689
702
715
728
741
754
767
780
793
806
819
832
845
858
871
884
897
910
923
936
949
962
975
988
1001
1014
1027
1040
1053
1066
1079
1092
1105
1118
1131
1144
1157
1170
1183
1196
1209
1222
1235
12
25
38
51
64
77
90
103
116
129
142
155
168
181
194
207
220
233
246
259
272
285
298
311
324
337
350
363
376
389
402
415
428
441
454
467
480
493
506
519
532
545
558
571
584
597
610
623
636
649
662
675
688
701
714
727
740
753
766
779
792
805
818
831
844
857
870
883
896
909
922
935
948
961
974
987
1000
1013
1026
1039
1052
1065
1078
1091
1104
1117
1130
1143
1156
1169
1182
1195
1208
1221
1234
1247
