0
1
2
3
4
5
6
7
8
9
10
11
12
13
14
15
16
17
18
19
20
21
22
23
24
25
26
27
28
29
30
31
32
33
34
35
36
37
38
39
40
41
42
43
44
45
46
47
48
49
50
51
52
53
54
55
56
57
58
59
60
61
62
63
64
65
66
67
68
69
70
71
72
73
74
75
76
77
78
79
80
81
82
83
84
85
86
87
88
89
90
91
92
93
94
95
96
97
98
99
100
101
102
103
104
105
106
107
108
109
110
111
112
113
114
115
116
117
118
119
120
241
362
483
604
725
846
967
1088
1209
1330
1451
1572
1693
1814
1935
2056
2177
2298
2419
2540
2661
2782
2903
3024
3145
3266
3387
3508
3629
3750
3871
3992
4113
4234
4355
4476
4597
4718
4839
4960
5081
5202
5323
5444
5565
5686
5807
5928
6049
6170
6291
6412
6533
6654
6775
6896
7017
7138
7259
7380
7501
7622
7743
7864
7985
8106
8227
8348
8469
8590
8711
8832
8953
9074
9195
9316
9437
9558
9679
9800
9799
9798
9797
9796
9795
9794
9793
9792
9791
9790
9789
9788
9787
9786
9785
9784
9783
9782
9781
9780
9779
9778
9777
9776
9775
9774
9773
9772
9771
9770
9769
9768
9767
9766
9765
9764
9763
9762
9761
9760
9759
9758
9757
9756
9755
9754
9753
9752
9751
9750
9749
9748
9747
9746
9745
9744
9743
9742
9741
9740
9739
9738
9737
9736
9735
9734
9733
9732
9731
9730
9729
9728
9727
9726
9725
9724
9723
9722
9721
9720
9719
9718
9717
9716
9715
9714
9713
9712
9711
9710
9709
9708
9707
9706
9705
9704
9703
9702
9701
9700
9699
9698
9697
9696
9695
9694
9693
9692
9691
9690
9689
9688
9687
9686
9685
9684
9683
9682
9681
9680
9559
9438
9317
9196
9075
8954
8833
8712
8591
8470
8349
8228
8107
7986
7865
7744
7623
7502
7381
7260
7139
7018
6897
6776
6655
6534
6413
6292
6171
6050
5929
5808
5687
5566
5445
5324
5203
5082
4961
4840
4719
4598
4477
4356
4235
4114
3993
3872
3751
3630
3509
3388
3267
3146
3025
2904
2783
2662
2541
2420
2299
2178
2057
1936
1815
1694
1573
1452
1331
1210
1089
968
847
726
605
484
363
242
121
